1 0.46583488805970147 0.5061446629213483 0.8141324626865671 0.6225421348314607
0 0.37581623134328357 0.15344101123595505 0.26515858208955223 0.23314606741573032
0 0.22003264925373134 0.6053370786516854 0.11870335820895522 0.1404494382022472
0 0.1038945895522388 0.6729283707865169 0.0986473880597015 0.16116573033707865
0 0.7839319029850746 0.6787219101123596 0.11870335820895522 0.11165730337078651
0 0.8576259328358209 0.7512289325842697 0.10284514925373134 0.11622191011235955
0 0.7129197761194029 0.8836025280898876 0.11240671641791045 0.15484550561797752
0 0.7870802238805971 0.8342696629213483 0.12919776119402984 0.13553370786516855
0 0.8570429104477612 0.8923806179775281 0.1142723880597015 0.13728932584269662
0 0.8549440298507462 0.4919241573033708 0.10820895522388059 0.15660112359550563
0 0.8952891791044776 0.21734550561797752 0.1166044776119403 0.09269662921348315
0 0.9031016791044776 0.38570926966292135 0.11124067164179105 0.09726123595505617
0 0.8522621268656716 0.3179424157303371 0.09631529850746269 0.07689606741573034
0 0.9566231343283582 0.21418539325842698 0.08675373134328358 0.10884831460674158
0 0.695429104477612 0.7744030898876404 0.11567164179104478 0.12745786516853932
0 0.7330923507462687 0.7457865168539326 0.09958022388059702 0.10533707865168539
0 0.08628731343283583 0.535814606741573 0.17210820895522388 0.32724719101123595
