0 0.416196388261851 0.46048387096774196 0.4667042889390519 0.225
0 0.2144469525959368 0.1627016129032258 0.21896162528216703 0.1536290322580645
0 0.36089164785553046 0.2602822580645161 0.24774266365688488 0.16008064516129034
0 0.5299097065462754 0.2616935483870968 0.16930022573363432 0.1629032258064516
0 0.878668171557562 0.37278225806451615 0.2325056433408578 0.16733870967741934
0 0.9788374717832957 0.46108870967741933 0.04232505643340858 0.13024193548387097
0 0.04401805869074492 0.9286290322580645 0.08690744920993228 0.13790322580645162
0 0.14277652370203162 0.6348790322580645 0.18058690744920994 0.12379032258064517
0 0.3922121896162528 0.78125 0.11963882618510158 0.11008064516129032
0 0.6345936794582393 0.6945564516129032 0.21275395033860045 0.1439516129032258
0 0.6362866817155757 0.8340725806451613 0.21275395033860045 0.1504032258064516
