0 0.13372672872340424 0.10632470119521913 0.11652260638297872 0.175796812749004
0 0.5221077127659575 0.12126494023904383 0.09973404255319149 0.14292828685258965
0 0.3410073138297872 0.21850099601593626 0.10521941489361702 0.15114541832669323
0 0.16082114361702127 0.35968625498007967 0.0999002659574468 0.1476593625498008
0 0.4906083776595745 0.44185756972111556 0.08527260638297872 0.1327191235059761
0 0.7044547872340425 0.27241035856573703 0.10970744680851063 0.16633466135458166
0 0.8856382978723404 0.11055776892430279 0.1040558510638298 0.1643426294820717
0 0.8912067819148937 0.43438745019920316 0.11519281914893617 0.1576195219123506
0 0.35264295212765956 0.5938745019920318 0.10189494680851063 0.1643426294820717
0 0.699966755319149 0.5016185258964143 0.10305851063829788 0.16608565737051792
0 0.10314162234042554 0.7349352589641435 0.11519281914893617 0.16110557768924302
0 0.3000332446808511 0.8660358565737052 0.10970744680851063 0.16782868525896413
0 0.5066489361702128 0.7614541832669323 0.0797872340425532 0.13794820717131473
0 0.686751994680851 0.8336653386454184 0.10521941489361702 0.175796812749004
0 0.9066655585106383 0.7888446215139442 0.10422207446808511 0.15288844621513945
